Inventory: Ball 10 
Inventory: Rocket 10 
Inventory: Brick 1 
Inventory: Tank 4 
Inventory: Convey 4 
Inventory: Laser 4 
Box2: 50 60 0 100 1 0 
Box2: -45.1432 2.55387 1.56 64 0.5 0 
Box2: 146.995 1.50964 1.56 64 0.5 0 
Box2: -12.2828 7.13417 2.04207 32 0.5 20 
Box2: 12.1085 12.4692 2.06959 32 0.5 20 
Box2: 32.9651 6.01637 2.04 32 0.5 20 
Box2: 45.9135 6.43406 2.04 32 0.5 20 
Box2: 58.8619 7.68714 2.04 32 0.5 20 
Box2: 77.658 14.1613 2.04 32 0.5 20 
Box2: 89.5622 18.9648 2.04 32 0.5 20 
Box2: 102.302 21.0533 2.04 32 0.5 20 
Box2: 111.073 15.6233 2.04 32 0.5 20 
Box2: 112.118 -14.0328 2.04 32 0.5 20 
Box2: 104.645 -19.0476 2.03707 32 0.5 20 
Box2: 83.5057 -20.0893 2.04 32 0.5 20 
Box2: 65.3361 -12.9886 2.04 32 0.5 20 
Box2: 45.287 -34.7085 2.04 32 0.5 20 
Box2: 19.5989 -28.2343 2.04 32 0.5 20 
Box2: -14.3057 13.3288 2.04206 32 0.5 20 
Box2: 4.32517 28.8784 2.06959 32 0.5 20 
Box2: 26.1797 30.3724 2.05098 32 0.5 20 
Box2: 62.0596 31.1301 2.10135 32 0.5 20 
Box2: 77.6601 30.5351 2.06213 32 0.5 20 
Box2: 92.444 30.9564 2.09022 32 0.5 20 
Box2: 108.867 30.6904 2.0727 32 0.5 20 
Box2: 126.319 24.1859 2.04 32 0.5 20 
Box2: -17.5756 -30.1139 2.04 32 0.5 20 
Box2: -24.2587 -2.75516 2.04 32 0.5 20 
Box2: -18.2021 29.6159 2.04 32 0.5 20 
Box2: 50.2993 34.2984 2.04 32 3.75 0 
Ball: -15.9048 -50.4929 0 4 4 0 107.523 54.9741 128 8.5 0 
