Inventory: Ball 0 
Inventory: Rocket 0 
Inventory: Brick 1 
Inventory: Tank 0 
Inventory: Convey 0 
Inventory: Laser 0 
Box2: 50 60 0 100 1 0 
Box2: 50 60 0 100 1 0 
Box2: -93.7025 -9.7818 0.7 32 0.5 0 
Box2: -63.1389 14.8683 0.55 8 0.5 0 
Box2: -50.3499 22.574 0.5 8 0.5 0 
Box2: -36.4319 29.2753 0.35 8 0.5 0 
Box2: -22.5139 34.0865 0.25 8 0.5 0 
Box2: -11.1733 35.9766 -0.0499998 4 0.5 0 
Box2: -4.30025 35.4611 -0.15 4 0.5 0 
Box2: 2.05735 34.6019 -0.15 4 0.5 0 
Box2: 9.48006 33.6388 -0.15 4 0.5 0 
Ball: -113.499 -31.2169 7.30095 4 4 0 76.6116 48.5564 8 15.5 5831.84 
Box2: 66.2313 49.8539 0.85 8 0.5 0 
Box2: 78.6877 52.968 -0.35 8 0.5 0 
Box2: 85.6945 42.3281 -1.6 8 0.5 0 
