Inventory: Ball 0 
Inventory: Rocket 0 
Inventory: Brick 0 
Inventory: Tank 0 
Inventory: Convey 10 
Inventory: Laser 0 
Box2: 50 60 0 100 1 0 
Box2: 50 60 0 100 1 0 
Box2: -52.0469 -3.8454 -1.6 64 1 0 
Box2: 148.933 -3.48392 -1.6 64 1 0 
Box2: 9.04219 -72.164 -0.0500001 64 1 0 
Box2: 86.0362 -76.1402 -0.0500001 32 1 0 
BouncingBox: 14.6509 -12.4653 10.8014 1 1 1 
BouncingBox: -17.7324 -43.3199 65.8706 1 1 1 
BouncingBox: 38.1181 11.744 83.5226 1 1 1 
BouncingBox: 111.669 48.3297 51.2591 1 1 1 
BouncingBox: 81.0435 27.4458 66.2922 1 1 1 
BouncingBox: 81.186 -30.1439 -2.14752 1 1 1 
BouncingBox: 42.7261 52.7739 123.877 1 1 1 
BouncingBox: 85.2371 36.811 61.732 1 1 1 
BouncingBox: 80.0819 24.4927 -22.0605 1 1 1 
BouncingBox: 125.776 11.6688 27.5978 1 1 1 
BouncingBox: 23.664 19.1934 -68.0631 1 1 1 
BouncingBox: 54.244 -0.252075 1.58255 1 1 1 
BouncingBox: 106.751 -48.433 42.9648 1 1 1 
BouncingBox: 72.1196 34.9115 15.4297 1 1 1 
BouncingBox: 110.291 -22.6709 14.2903 1 1 1 
BouncingBox: 108.751 26.1773 91.8329 1 1 1 
BouncingBox: 43.6245 -9.29829 -6.85995 1 1 1 
BouncingBox: 50.7041 -22.081 93.573 1 1 1 
BouncingBox: 11.6015 -6.46164 -77.3928 1 1 1 
BouncingBox: 20.8643 56.2205 -23.6504 1 1 1 
BouncingBox: 125.452 23.3725 123.858 1 1 1 
BouncingBox: 113.265 37.2191 97.5472 1 1 1 
BouncingBox: 133.089 52.3801 45.5927 1 1 1 
BouncingBox: 106.948 -1.0387 77.0488 1 1 1 
BouncingBox: 130.35 -26.9974 3.08313 1 1 1 
BouncingBox: 70.1732 -42.14 -69.2771 1 1 1 
BouncingBox: 42.8379 -53.5461 33.411 1 1 1 
BouncingBox: 5.68453 54.1009 -77.0205 1 1 1 
BouncingBox: 73.5164 -54.3327 38.4005 1 1 1 
BouncingBox: 53.2607 -52.1695 -23.0362 1 1 1 
BouncingBox: 32.8084 -48.433 -13.542 1 1 1 
BouncingBox: 63.8802 -8.90498 29.9885 1 1 1 
BouncingBox: -4.73243 2.25476 19.5352 1 1 1 
BouncingBox: 145.315 19.3181 80.7621 1 1 1 
BouncingBox: 70.7632 -27.784 28.1783 1 1 1 
BouncingBox: 74.7308 40.4201 68.0585 1 1 1 
BouncingBox: 89.8389 -30.9305 -0.952499 1 1 1 
BouncingBox: 128.474 45.1931 -67.6248 1 1 1 
BouncingBox: 23.1722 -49.4163 31.0269 1 1 1 
BouncingBox: -3.55346 44.3607 62.4213 1 1 1 
BouncingBox: 18.2162 57.2013 0.283075 1 1 1 
BouncingBox: 85.3158 -4.18521 42.8919 1 1 1 
BouncingBox: 137.052 45.4676 33.5374 1 1 1 
BouncingBox: 93.5753 7.22088 11.9193 1 1 1 
BouncingBox: 91.7268 -8.78214 54.0573 1 1 1 
BouncingBox: -14.0503 12.1488 -0.0500001 1 1 1 
BouncingBox: -25.1896 5.57026 -0.0500001 1 1 1 
BouncingBox: -7.00059 -26.8925 -7.81829 1 1 1 
BouncingBox: 4.21098 -0.529143 -0.0500001 1 1 1 
BouncingBox: -21.9026 11.5799 -0.0500001 1 1 1 
BouncingBox: -17.3373 5.88256 -0.0500001 1 1 1 
BouncingBox: 27.0375 -17.7652 -0.0500001 1 1 1 
BouncingBox: 58.9947 -25.5616 -0.0500001 1 1 1 
BouncingBox: 40.916 -26.3703 -0.0500001 1 1 1 
BouncingBox: -8.76665 -33.6666 -2.48306 1 1 1 
BouncingBox: 0.376114 -29.027 -0.0500001 1 1 1 
BouncingBox: 83.6473 -32.0961 -0.0500001 1 1 1 
BouncingBox: 96.065 -35.0184 -0.0500001 1 1 1 
BouncingBox: 11.3329 -36.0279 -0.0500001 1 1 1 
BouncingBox: -31.3984 -29.1006 -0.0500001 1 1 1 
Ball: -46.0575 -63.1919 -5.17871 4 4 0 134.961 -82.8398 32 28.5 0 
Laser: 182.624 -130.063 2.3 2 2 0 
Tankki: -37.2079 -56.1122 87.9642 14 1 0 -44 
