Inventory: Ball 0 
Inventory: Rocket 0 
Inventory: Brick 0 
Inventory: Tank 0 
Inventory: Convey 0 
Inventory: Laser 0 
Box2: 50 60 0 100 1 0 
Box1: 11.6846 -83.9848 6.283 4 3.75 0 
Box1: 44.0025 -34.8655 6.283 4 3.75 0 
Box1: 115.354 -126.216 6.283 4 3.75 0 
Box1: 111.799 -24.6496 6.283 4 3.75 0 
Box1: 71.5247 -220.529 6.283 4 3.75 0 
Box1: 34.5455 -258.55 6.283 4 3.75 0 
Box1: -45.6628 -218.967 6.283 4 3.75 0 
Box1: 12.1497 -164.8 6.283 4 3.75 0 
Box1: 133.504 -278.342 6.283 4 3.75 0 
Box1: -29.517 -120.008 6.283 4 3.75 0 
Box1: 76.733 -83.5501 6.283 4 3.75 0 
Box1: 156.421 -72.6126 6.283 4 3.75 0 
Box1: 125.171 -216.363 6.283 4 3.75 0 
Box1: -17.5378 -278.342 6.283 4 3.75 0 
Box1: -33.1628 -49.1751 6.283 4 3.75 0 
Box1: 41.8372 -115.842 6.283 1 1.25 0 
Box1: 89.7539 -163.238 6.283 1 1.25 0 
Box1: 174.129 -164.279 6.283 1 1.25 0 
Box1: 133.504 -95.5293 6.283 1 1.25 0 
Box1: 109.546 -69.4876 6.283 1 1.25 0 
Box1: 68.9205 -139.279 6.283 1 1.25 0 
Box1: 51.733 -178.342 6.283 1 1.25 0 
Box1: 11.6289 -226.779 6.283 1 1.25 0 
Box1: 42.8789 -255.425 6.283 1 1.25 0 
Box1: 84.0247 -229.383 6.283 1 1.25 0 
Box1: 158.504 -223.133 6.283 1 1.25 0 
Box1: 63.7122 -157.508 6.283 1 1.25 0 
Box1: -13.892 -112.196 6.283 1 1.25 0 
Box1: -24.8295 -74.1751 6.283 1 1.25 0 
Box1: 29.858 -55.9459 6.283 1 1.25 0 
Box1: -2.95447 -39.8001 6.283 1 1.25 0 
Box1: 92.358 -33.0293 6.283 1 1.25 0 
Box1: 66.3164 -64.2793 6.283 1 1.25 0 
Box1: 15.7955 -146.05 6.283 1 1.25 0 
Box1: -26.9128 -201.779 6.283 1 1.25 0 
Box1: 4.85803 -250.217 6.283 1 1.25 0 
Box1: 107.462 -268.967 6.283 1 1.25 0 
Box1: 102.254 -246.05 6.283 1 1.25 0 
Box1: -43.0586 -140.321 6.283 1 1.25 0 
Box1: -51.9128 -184.592 6.283 1 1.25 0 
Box1: -9.7253 -153.863 6.283 1 1.25 0 
Box1: 16.3164 -199.696 6.283 1 1.25 0 
Box1: 64.233 -192.404 6.283 1 1.25 0 
Box1: 133.504 -162.196 6.283 1 1.25 0 
Box1: 169.962 -106.988 6.283 1 1.25 0 
Box1: 172.046 -90.3209 6.283 1 1.25 0 
Box1: 125.691 -49.1751 6.283 1 1.25 0 
Box1: 152.775 -23.6543 6.283 1 1.25 0 
Box1: -52.4336 -79.9043 6.283 1 1.25 0 
Box1: -61.2878 -102.821 6.283 1 1.25 0 
Box1: -67.5378 -169.488 6.283 1 1.25 0 
Box1: -36.2878 -247.613 6.283 1 1.25 0 
Box1: -11.8086 -267.404 6.283 1 1.25 0 
Box1: 31.9414 -291.363 6.283 1 1.25 0 
Box1: 98.0872 -274.696 6.283 1 1.25 0 
Box1: 140.275 -246.05 6.283 1 1.25 0 
Box1: 136.629 -181.988 6.283 1 1.25 0 
Box1: 96.5247 -184.592 6.283 1 1.25 0 
Box1: 116.316 -160.633 6.283 1 1.25 0 
Box1: 148.087 -123.654 6.283 1 1.25 0 
Box1: 87.6705 -103.863 6.283 1 1.25 0 
Box1: 45.483 -94.4876 6.283 1 1.25 0 
Box1: 17.358 -120.008 6.283 1 1.25 0 
Box1: 38.7122 -143.967 6.283 1 1.25 0 
Box1: -21.7045 -166.883 6.283 1 1.25 0 
Box1: -35.2461 -176.779 6.283 1 1.25 0 
Box1: -22.7461 -28.8626 6.283 1 1.25 0 
Box1: -50.8711 -20.5293 6.283 1 1.25 0 
Tankki: -44.0386 55.3936 6.283 4 1 20 -25 
