Inventory: Ball 0 
Inventory: Rocket 0 
Inventory: Brick 0 
Inventory: Tank 0 
Inventory: Convey 0 
Inventory: Laser 7 
Box2: 50 60 0 100 1 0 
Box2: 50 60 0 100 1 0 
Box2: 50 60 0 100 1 0 
Box2: 50 60 0 100 1 0 
Box2: -42.9767 50.9134 3 8 0.5 0 
Box2: -43.74 47.0968 3 8 0.5 0 
Box2: -44.5034 34.8837 3.1 8 0.5 0 
Box2: -44.5034 31.3215 3.1 8 0.5 0 
Box2: -43.74 18.0905 3.15 8 0.5 0 
Box2: -43.9945 14.5284 3.15 8 0.5 0 
Box2: -43.2311 5.62293 3.15 8 0.5 0 
Box2: -42.9767 1.55188 3.15 8 0.5 0 
Box2: -42.2134 -7.608 3.15 8 0.5 0 
Box2: -41.9589 -11.9335 3.15 8 0.5 0 
Box2: -41.1956 -21.8567 3.15 8 0.5 0 
Box2: -40.9412 -25.6733 3.15 8 0.5 0 
Box2: -39.4145 -32.2888 3.15 8 0.5 0 
Box2: -38.9057 -36.8687 3.15 8 0.5 0 
Rocket: -41.3479 48.8142 7.71239 4 2 1 600 
Rocket: -43.5654 33.0586 14.0969 4 2 1 600 
Rocket: -42.8095 16.3134 14.1469 4 2 1 600 
Rocket: -41.7406 3.78703 14.1456 4 2 1 600 
Rocket: -41.4998 -9.45043 14.1456 4 2 1 600 
Rocket: -40.6067 -23.7001 14.1456 4 2 1 600 
Rocket: -39.9441 -34.1416 14.1456 4 2 1 600 
BouncingBox: 19.1726 -59.8729 26.6909 2 2 1 155.891 -6.74792 64 41.5 1529.28 
BouncingBox: 17.2838 55.6642 -15.7207 16 2 0 
