Inventory: Ball 0 
Inventory: Rocket 0 
Inventory: Brick 1 
Inventory: Tank 0 
Inventory: Convey 0 
Inventory: Laser 1 
Box2: 50 60 0 100 1 0 
Box2: 50 60 0 100 1 0 
Box2: 50 60 0 100 1 0 
Tankki: -61.1535 37.3439 3.1415 64 0.5 0 -44 
Tankki: -102.377 33.6327 -9.24279e-005 4 1 20 -25 98.1286 50.7118 16 12 1.48469 
Box2: 5.59406 36.2045 -0.15 4 0.5 0 
Rocket: 42.6428 56.9821 6.28312 4 2 1 600 
Rocket: 21.8001 56.9732 6.29039 4 2 1 600 
Rocket: 30.041 56.985 6.28318 4 2 1 600 
Rocket: 36.1434 56.982 6.28457 4 2 1 600 
Rocket: 16.0911 56.9615 6.30099 4 2 1 600 
Rocket: 47.9705 56.9829 6.28223 4 2 1 600 
Rocket: 56.0793 56.9825 6.28222 4 2 1 600 
Rocket: 51.9302 56.9813 6.28288 4 2 1 600 
Rocket: 63.0784 56.9808 6.28339 4 2 1 600 
Rocket: 11.6234 56.933 6.2455 4 2 1 600 
Laser: -119.894 72.3325 -0.00999994 0.375 0.1 0 
Tankki: -95.0475 73.8425 2.8115 48 0.4 0 -44 
